3956
3229
3093
6264
8430
2714
8817
9334
5225
5830
3176
9545
974
5494
9165
9461
9913
2651
5811
9308
6443
555
8526
8901
2063
28
3107
2047
5819
1349
9197
6099
9175
2782
5282
247
9719
5968
8512
2121
4643
6748
4564
3159
4160
4303
6964
4833
5893
6911
5824
6369
4078
465
6592
536
5881
553
7968
2433
9904
1535
4620
9914
3954
3343
825
1050
8986
9748
8581
7062
6717
6151
2417
8590
9968
3726
9422
1239
6851
4458
453
8587
8647
6506
4580
5747
1339
9301
3861
7824
3231
3217
6334
8483
5989
8950
8705
9219
7312
9744
8682
7344
2493
419
9407
3799
7372
7248
9074
6732
3042
5654
2287
3442
5977
1883
6447
4649
5643
7678
4494
6628
1387
7685
3729
6167
9013
3609
6466
1878
80
7156
9546
5234
6957
4049
6316
590
1205
6669
2711
5565
962
2820
5107
6349
9179
3847
3772
8750
977
4251
8950
6073
8373
1820
6711
7454
8412
7449
8785
8355
2563
6113
7958
5905
8575
2371
8732
2291
7929
1773
9598
8785
2890
4166
140
6874
5410
5347
6786
7415
2459
670
3172
6074
3025
5102
7440
1417
4115
5357
799
6181
9234
3248
4162
5478
3672
1455
6682
1330
6757
9528
119
9475
9782
926
4248
5032
8262
7047
9515
6654
4054
9666
1240
6886
8285
9586
4194
6120
6398
3012
5809
307
4187
3277
1023
2740
7732
3332
5722
7010
2268
7556
9298
5678
6450
4746
1645
8600
4043
3932
9775
6043
5361
6476
493
7422
7675
6161
1166
1161
8613
9346
9896
6805
4185
4971
6621
1791
9826
3277
9022
5439
7794
9699
4937
3874
7459
2657
9079
6692
3240
9619
2875
1638
8853
4246
5963
8244
2780
2562
5758
118
6515
4504
9438
4005
9124
1351
8045
85
4922
8202
652
7353
3227
3743
3894
9823
6488
1695
1221
9573
1419
503
2018
9224
4666
7162
8365
7112
6347
6475
9042
5968
1256
9222
492
4792
9838
1765
1802
6906
6138
6422
2272
1430
4605
5774
7990
5882
7748
1842
2893
3284
5803
9904
7571
9995
2961
7236
6406
9861
8610
4000
8699
3889
1348
5886
225
9402
7051
4460
1820
9673
5544
1231
6298
6842
2415
2271
417
813
22
5827
5138
7474
3280
5629
9245
4128
7139
17
102
1158
4167
9075
8707
8108
9438
3013
295
4355
6312
3493
1226
8797
1178
4316
970
3527
6103
9774
8845
9515
1223
8478
5783
4574
2524
5613
2442
4624
2303
139
2639
1458
7969
7184
447
9312
3303
3269
8454
7926
3575
8964
3413
9275
6272
7896
2624
8654
5163
5280
5031
9421
5005
852
5295
3882
2955
7231
7186
277
1547
5129
8399
7176
4245
3451
4975
1491
5944
6441
7890
4966
3762
2652
4034
712
4740
8863
3435
1180
233
4779
326
5248
7410
7358
8523
8851
848
6988
6797
5556
6846
9195
4673
8587
4303
7973
269
5508
9608
4061
5783
9201
925
2521
7885
9057
5900
1733
4187
8657
595
8483
1086
9860
195
8925
5898
8187
4943
9730
2802
853
5454
5086
8638
6487
4620
4754
7228
3062
1340
8192
1104
1084
4677
8990
4934
4892
9896
583
693
3294
3351
964
9787
86
5533
1361
9362
6669
6101
4574
6710
1992
4627
9312
4487
1721
4999
1565
3605
987
3796
6403
2459
9711
4082
5069
3384
813
8957
756
6801
832
2697
1516
522
87
7470
7103
8018
2519
7712
5611
6103
66
6251
7082
1542
4807
1400
9184
6206
6627
3517
1775
1931
5038
8106
7455
1077
7802
1008
3984
2053
5405
4942
5221
7522
2693
5240
5192
2190
4337
9795
2828
4961
8030
1937
4051
1571
1587
6691
1503
3005
9575
304
1704
8644
3820
7251
9092
3621
4434
3638
7138
2131
3362
5824
8567
7473
2174
1190
4807
4189
2945
7857
6015
5240
965
4066
5624
2305
7895
46
5171
6087
8822
7923
3428
4106
3289
6112
6621
2579
3089
4267
4237
7221
3594
4567
3801
8127
2687
7624
1365
237
9703
9933
5893
8320
4851
9677
7007
2468
9176
7175
4144
3389
194
8454
5948
278
1421
6030
4585
1575
4769
1326
2196
8102
2674
2846
1940
8270
8617
275
3048
1
9298
4017
6460
625
9641
2012
6932
3189
1335
7669
7784
5980
4603
8174
2811
1146
4600
1113
9292
9380
2718
2008
7715
346
7592
9558
9762
6453
3813
5842
6804
3302
2443
2995
537
879
6623
2626
6320
9155
8702
2204
7581
1330
9386
913
9182
5379
7792
933
1389
534
4910
4647
5209
6469
4881
4055
2836
9552
2558
4904
8132
5575
1322
2272
2589
9320
856
2794
1267
2292
3193
7576
1323
7543
6710
3685
4165
6955
1416
9548
5783
2548
1645
1102
9051
4332
4223
8029
3796
3422
8602
5627
6686
870
327
903
6848
4350
659
2977
4987
9862
1549
6550
404
731
5328
5591
6132
6626
7114
7371
8488
1075
9479
3374
3235
7421
8237
5570
5016
5179
2839
6493
4428
2700
1204
777
3212
3404
4703
8948
7933
6031
3248
7263
6941
1084
558
505
3265
8432
1589
8821
5279
6200
6638
3733
2487
5099
3064
7371
9593
9039
2274
47
1098
6447
9605
631
6423
3219
7729
6205
6952
6972
3984
5096
1946
1804
8475
3257
4722
8072
3814
4380
749
8590
7851
671
8198
6574
9471
3682
4596
2241
2816
9586
332
6464
309
7409
8872
3679
9206
3222
9348
3624
423
9096
5038
2108
8276
2504
2433
5551
9462
5082
9652
1614
857
3130
5933
8289
3140
1511
4263
7468
5407
1709
4880
9093
9757
6452
6646
9511
4617
636
312
6892
6476
2582
5791
5750
3235
5274
2916
2427
6456
8297
7213
9742
9162
2536
1359
7951
5066
3444
9283
627
2014
5898
4953
7451
790
2017
3577
4916
6261
4082
1960
4215
5975
9560
2060
9097
8048
2433
3296
6455
4081
3500
451
1323
914
4420
8559
3120
9910
7983
1270
8182
7091
5283
6957
1001
5563
5890
4977
7295
6829
3328
1416
2650
5605
9560
9697
2434
8984
8112
7240
1911
7110
6034
9950
2272
2277
