5513
2361
6648
279
4956
7506
6770
6479
335
6107
3094
4514
5197
3455
9867
8144
1379
6494
2637
403
8663
6312
5282
2304
7974
1135
9198
9428
9859
3344
4304
3420
5787
2475
683
9731
5729
3934
4767
4543
1457
5038
2180
4960
4852
2064
7412
5690
3465
8288
8203
2489
4647
8726
8056
7826
9674
9537
9100
3601
1919
7741
128
5383
9758
1721
7136
8373
9550
3198
8088
6561
1069
6782
9444
3743
4719
6999
2525
8010
8504
402
5783
8187
1970
5382
7329
8219
1951
9370
2073
1256
8899
243
9570
2675
5528
4670
4318
4612
9441
3489
9909
5204
6608
1962
9190
191
4951
7449
3373
6145
9157
8664
3807
4354
6099
9946
5266
8239
2262
4481
5222
6151
5874
9624
4178
4957
6708
3045
5251
7977
1927
5395
6654
6517
1404
7489
8849
906
6011
7283
6219
9932
9643
8246
9082
6525
1865
7423
7161
4064
6371
2572
6368
8105
4002
2479
6770
7637
2254
5146
7597
7291
7573
4503
7368
8100
1253
3176
1997
5862
2876
4089
6851
457
6301
3068
922
205
6229
6728
1780
560
9672
2238
3570
7064
934
9838
3990
1164
5534
9548
8875
5745
4960
4815
7093
4119
8982
7483
1164
4322
7682
1417
7472
8219
4511
5691
7256
2734
8605
7259
5200
7073
2529
5148
3864
4289
7626
1960
7401
7349
7904
3667
2677
1930
6095
481
4343
92
3343
505
547
9463
3344
5450
5723
9116
5147
7937
3626
8033
8238
6565
4455
8038
586
5388
2300
3388
5656
9725
9934
6787
7496
7751
6779
2700
5664
2550
6871
2778
3124
2175
4239
7131
3873
5817
5813
2678
2247
1113
9575
443
8014
315
7566
4447
8344
663
494
4960
9716
2563
3772
3538
5738
9730
6824
4482
8903
7335
3809
9510
3751
7820
130
2861
965
7179
613
9497
3785
1477
9468
9823
8021
1179
5716
7310
1414
4968
113
9319
9872
5373
450
9070
431
3411
3870
528
3268
9254
4302
4705
2376
2549
284
114
7171
8775
1119
8155
6062
6474
7634
2109
2675
5530
2735
5923
222
3420
5616
462
2379
4866
1749
1414
6931
5220
1423
7382
5287
4303
8382
4896
3224
5965
1912
9899
1280
849
71
8104
7348
6886
2429
3016
3424
952
198
606
6106
5751
2376
2046
3798
3369
3327
884
62
688
9948
3967
527
9876
1705
9281
1853
4190
4673
6075
5170
2645
2174
6780
8672
1673
3149
8615
4663
8614
401
1679
3327
1071
9684
6475
8294
3095
7276
5850
4135
9679
2041
3096
2506
3778
7778
3472
1893
6075
3516
7301
3821
7152
8822
6602
8837
9906
3265
4722
9009
2595
7453
140
1085
346
7940
7166
4162
9992
471
3008
7755
5443
1226
5137
3549
8156
5622
7755
1964
141
9916
8667
2007
6946
8257
7317
9427
8217
9820
8038
7043
4531
6332
7545
9872
4306
7530
2660
8167
7325
173
9879
4315
9685
3707
4874
4840
4176
9462
1312
8862
1737
5572
453
1341
1510
6943
7485
9831
6061
4566
1990
9131
2511
7626
1421
2982
994
1712
8685
7518
9047
1528
9014
996
8211
5893
6516
9559
4284
9152
6082
3644
7101
4724
9322
4525
7220
6022
2028
1370
4665
3019
8888
6712
8365
1924
6780
7171
336
5795
7993
2437
5960
1913
1534
4878
371
3335
7318
7178
2942
9710
4460
9671
2768
8059
4169
6098
5793
1415
7390
4252
5268
947
6127
2460
5506
9502
9417
7583
6821
1423
9443
5961
5416
7918
734
8426
130
4937
5333
5996
243
2081
7559
1722
4822
5495
896
3595
9870
9851
950
2631
9079
3732
2420
8833
6862
4004
8559
9721
4547
4155
3877
5394
6820
4318
8509
5633
4444
7090
7562
3261
2346
8571
3274
3595
5977
2758
5297
8387
1747
6592
4170
1046
7295
3975
2560
9625
8674
4017
2335
7621
840
6916
41
7030
1144
2367
7669
3005
3470
3890
457
3341
2807
2874
9587
7362
2435
7793
3489
7196
627
5547
278
2394
3594
8277
5140
4153
7589
3332
123
6557
1693
7898
8758
5350
6584
4834
460
8638
2031
6937
1971
7405
6938
3635
4608
7988
9903
6260
6386
9763
1059
11
8035
5176
3425
1502
7974
4514
9862
3087
3632
710
1490
1111
2675
6953
9973
8040
728
3884
5173
57
2065
3056
4528
4683
3064
5653
4155
952
281
3924
9346
3681
8250
7655
8410
5497
216
9266
594
6857
4421
6797
8452
8180
2937
2168
5694
1542
9031
837
3064
2527
8165
7606
7831
9224
2780
3076
5752
3386
783
2277
4084
3313
6258
1498
6418
9598
762
6880
5714
6561
3636
9428
4997
8257
9462
8788
1120
7388
9226
6801
3720
3274
7455
5432
1665
2014
4780
7836
2069
8064
5840
6149
9722
8750
6391
5769
722
6032
1290
6913
9311
2718
4921
9473
6755
6224
1577
2229
6535
9833
7984
6027
4085
89
5941
317
4808
6292
3714
5296
9017
4270
6676
4489
8910
9725
8501
4880
1092
5440
8926
7504
2572
4226
7505
4846
1515
1534
5471
1379
4381
3244
4958
6929
5384
1259
6389
5561
8243
3852
2390
911
6068
9263
6320
6351
1950
4528
9443
106
2649
7515
1313
4921
5134
5336
4669
9650
3007
5962
1461
8351
9601
5712
7915
170
1622
3669
4377
8256
4179
2529
4372
6473
2668
9964
4747
5819
6515
9039
2554
3548
1637
7758
6410
9266
9731
5779
7413
4407
243
6246
58
1559
6174
8224
3626
3290
1519
3829
7683
3622
6033
209
2563
6925
3818
8896
1445
1258
1852
174
1967
7244
6350
9767
1067
6356
2172
4145
2501
681
2504
9319
5926
2730
704
643
6676
266
9298
7590
6505
7407
8590
804
6027
2028
3259
2017
4893
4686
9049
4949
5703
8261
6085
1901
5934
4892
1355
5089
6524
2383
2821
1629
1053
8584
3922
7416
5637
3569
2705
6815
7650
3918
1032
64
8785
5428
1952
1966
4736
7200
2222
2292
3181
8862
4989
5961
6073
3432
2275
4410
7636
313
4973
572
5197
8489
7168
3305
3313
2449
7783
2426
4599
2710
4204
9011
2835
7556
3699
1174
6145
4647
9926
2524
8854
6535
3215
2362
2604
4546
9715
2882
7069
1556
2574
9439
9930
1516
3567
2353
5417
7514
1883
2026
4118
912
4341
484
3165
1234
5570
6309
7412
4249
1771
7941
5052
1058
6641
9444
7737
7484
7638
8535
8364
7108
6640
2894
8085
5358
4526
2988
4417
3724
2657
7998
8313
7126
9486
9263
2481
1936
1505
4461
9463
623
9629
7678
7079
5040
6097
8136
7862
1579
9464
8468
2682
7503
3883
9737
2883
5282
1529
1735
2439
7304
8918
614
6652
9488
9363
1011
3823
3081
3036
7031
4012
6734
3346
7680
7100
5894
8282
9171
159
3413
4408
8087
4990
3394
8529
1877
6988
3609
4767
4094
1544
1803
2535
6585
8309
5844
8644
4309
4104
6676
9266
4218
5627
2501
726
9387
4567
342
7294
1989
7241
855
1324
400
7315
8011
3299
7703
5378
8287
604
7471
3884
8326
8816
4322
5565
2955
5895
2119
7869
6757
5800
4402
6186
2597
901
5142
7253
4809
8823
8505
4896
5754
7984
100
3542
1423
3458
7401
2958
2816
438
6151
3594
2315
9210
6213
7713
5865
9736
9433
6218
7282
9117
4420
29
2554
2794
1997
1518
5132
1400
7767
7626
4478
270
1762
5965
9709
64
4088
4862
9336
9811
6954
1874
8293
157
9811
6816
4579
5263
1684
4964
302
4030
9897
5736
3718
3403
29
8632
6266
3371
6251
3186
9102
8937
5274
7755
1667
3366
8131
9058
8259
9659
7355
6696
2141
2406
4917
2267
9139
2414
634
1584
4604
9694
1902
2631
2637
6644
2142
1923
3773
2479
9112
7216
9388
4955
6447
8565
9781
2462
6663
788
464
1058
983
3237
7824
3719
1470
3228
3129
2988
2444
4483
6225
8584
117
3849
6797
7758
2753
4559
8372
2568
6899
8125
3362
9352
6477
4445
5367
4360
1955
8176
7757
5607
4020
7776
2706
3210
3548
1315
4330
7069
2109
4984
7114
2722
9542
3876
6587
3417
3659
4534
3607
241
3002
1088
3407
1646
1652
7036
5649
1389
5280
7076
9435
3671
5054
6954
3046
1095
7329
1005
2347
8960
5631
988
7745
3394
9076
724
4452
3268
9951
4
3812
3952
8588
479
1439
5204
1954
9875
2996
6641
8559
4492
5324
1066
3484
4929
5792
7186
4163
5824
3775
7867
1106
4290
7853
3313
2444
1555
2589
5324
9319
9932
7103
1578
247
5387
9389
4541
9250
3214
3782
4370
9479
979
3033
3199
5503
7543
9634
4183
6720
9607
8262
8651
1315
3580
3894
547
8729
6781
3738
3458
6440
8232
1861
9979
3471
550
3885
1196
4777
2722
7182
4915
484
8674
9475
1152
442
3137
1443
4300
314
1496
8497
9830
5280
6505
5702
6038
6588
862
8942
3434
9141
1883
7461
6704
751
5802
8895
9844
1496
5675
8786
1373
4094
9168
9021
4381
8004
1985
8455
3604
1329
5445
8949
5443
8836
7186
6857
7338
2350
375
8692
4356
6143
9745
8579
3042
5195
7193
9317
2200
8642
4738
7425
1712
2896
1740
4849
6266
3513
1339
2150
77
1540
6649
8652
4497
6090
3104
5039
5825
3564
6183
2151
1044
8191
4374
2771
172
6440
7452
4210
1128
8601
652
3752
3426
790
6917
2842
5811
5176
568
1443
2337
7986
4183
6555
4509
7780
3325
7226
8963
332
3170
2789
6953
1297
2455
3552
4597
8359
2265
9843
5355
8938
4623
2268
8438
3913
628
9279
4247
3189
8253
3178
564
3642
8261
6692
6561
7958
1374
9105
8996
4961
6565
6831
8832
8149
5618
9960
6653
6584
5738
538
3611
2958
8712
772
4274
6922
2532
1961
4215
404
9605
8450
9283
5277
4112
4984
6710
7560
5010
8360
117
8195
5297
6970
4231
8638
1186
4158
3830
1978
4134
3079
261
8180
5436
6881
3892
5239
6136
6990
1041
123
693
5053
2631
2377
4856
1947
6316
7460
7792
8435
2541
6488
6813
6818
6380
6262
9501
8442
2486
4445
4261
3136
1823
4266
5950
2603
8983
9550
1255
5627
9277
5933
9552
2374
9025
293
7870
4022
4768
7025
2582
1158
3280
3622
8201
1980
712
7369
5271
2949
8925
522
8819
3453
905
9051
7128
6187
1339
8392
3472
3182
8389
8900
9861
1476
4626
3577
7822
8370
4720
4816
4916
5989
2379
8921
613
8834
1462
9737
1753
313
2356
2436
8906
7539
8809
8201
1212
8276
1644
6071
9843
5126
9130
8363
2424
7888
451
9918
5710
4384
3397
1177
9831
2262
1588
422
3691
4266
4837
6258
4331
1145
5469
1377
7563
3998
8627
9537
7400
1497
517
7097
2130
1913
6872
1600
3190
6706
7724
6095
8618
5370
7715
1706
9724
8794
4297
8713
3790
3999
7484
6205
3259
5456
9908
4368
915
9485
8386
2196
7952
9745
732
3564
9840
5203
717
1078
6384
186
8172
7717
6511
1108
7886
6302
3951
6198
7651
6877
2838
4701
8466
684
139
6214
9201
2823
8637
2692
124
3318
8618
4633
4218
7267
4787
3339
7389
4378
9332
898
8231
5305
5475
7578
8064
9900
1798
8963
2610
3863
6603
9004
9017
1112
3431
4781
8426
2283
658
9494
6131
4897
5932
2218
4530
5134
6095
3698
2510
531
8336
5470
1700
6481
7660
6626
7749
9749
7143
631
1022
2100
3596
6052
1632
7231
3546
9726
3675
6830
4147
8701
2504
807
8640
4471
9425
7281
5292
5380
5430
8451
9118
5323
3667
2419
6889
7876
2576
1164
7855
1620
7429
4038
5103
9921
8554
5207
8624
9204
8548
5110
3278
4344
2856
623
5139
2661
8497
3025
1711
9549
8317
5901
7997
5687
2396
5178
1808
1177
4065
7625
6294
6094
310
4564
5404
3397
8714
7827
36
209
7103
9391
5239
414
2963
1385
4061
788
7646
5975
7218
7139
2822
1171
4109
1910
3325
5534
3182
484
6434
5664
3870
810
5344
3910
7398
1488
3436
7044
1361
3797
4224
321
4050
7695
4954
6823
3461
7964
4402
3451
2690
1636
2455
6798
5847
3976
5694
7082
4091
9954
8117
5820
9053
4885
2750
5174
9084
2340
6746
9080
2887
4547
6926
8134
3030
5966
9365
3623
2734
7224
5795
3626
7018
3783
441
4426
2352
4128
9347
894
8214
279
6206
4594
7813
5769
4177
1453
3935
6317
1224
2761
8279
8023
6959
1465
5973
5874
539
4377
2060
7777
5725
7015
5290
3742
7904
4954
2091
7199
8146
6008
2193
9853
5010
7548
5773
4614
9607
5359
4988
9946
789
1809
2570
1711
8127
8220
9196
9461
284
7932
7854
5641
2877
7041
6763
9914
7139
6883
2419
588
8803
4307
3851
7553
1162
5871
5692
6044
1646
3047
2652
4665
3856
5678
4832
1204
4043
6225
8877
68
8386
7024
9064
5586
2642
5735
1414
7290
8426
6550
3342
3610
9847
2064
8845
746
2745
3837
2294
297
31
6123
1166
1672
4258
2511
228
8329
5549
334
8453
3972
7302
5953
8256
2401
883
1477
828
3442
2650
1950
6365
6603
6123
4748
8189
8073
7354
63
9024
99
7116
4162
5837
6804
9925
2090
5328
4685
3907
244
7149
1858
7451
5810
7890
553
3130
9796
3314
9569
1725
673
3281
2194
3680
9509
3639
7355
8098
7542
5044
5856
667
2640
7678
2386
1971
3381
1528
5426
9462
6320
8907
8813
7776
5075
3636
4163
2076
9025
3899
4235
346
9942
1663
9058
4101
416
7794
6508
1257
9073
7465
7857
3073
9337
8165
7920
5797
6745
4637
120
8645
7092
9639
9650
203
5184
1396
5321
1957
9709
2577
8018
5651
8140
6415
414
5093
3833
7124
3213
8042
7157
9300
1702
9549
1145
8011
5274
7777
189
2741
6022
5543
2811
6027
6164
4897
7904
3763
617
1759
7482
4981
7689
1948
2067
7692
9141
1578
3187
7756
4306
9198
252
7363
6475
9347
8003
8642
2497
6256
9749
9374
6316
1097
8251
4429
8367
6333
2886
9875
5106
9220
2021
4006
853
7847
2420
5779
3698
6238
1401
2688
3214
7174
1083
9497
7602
7784
5801
7745
5642
6214
6215
5198
4944
526
3099
4053
1654
268
3858
9466
9380
4483
6152
4536
9729
4073
7211
8510
411
6877
593
1751
2518
878
7770
8075
5708
3661
2207
8242
965
5464
6608
21
5927
2811
7930
8696
3631
3550
5751
6875
6378
9614
8769
254
8764
8675
7681
5738
5960
2655
3590
5237
1914
7946
6636
5294
3118
9387
7525
7629
9803
44
2762
2915
9912
6314
6072
344
81
6729
7147
9157
2926
9756
9578
102
4566
9882
426
6843
6689
2297
9986
6253
509
8914
3800
1318
4472
9197
5321
327
6315
8349
890
2180
6593
9289
7588
4400
3556
4035
2165
6780
6955
5711
2978
4070
3378
7151
2122
3017
9441
2384
9949
6326
4783
5420
9784
7981
5364
4805
3787
2148
1521
2585
3398
3123
3950
6334
5205
7975
1954
4632
6406
9939
5178
5146
1568
3782
6301
1910
2949
3788
6438
1619
7467
733
6286
7948
9184
8233
5067
5282
4370
9983
9313
3961
3471
896
7143
255
3464
383
7400
805
7073
7723
2837
252
8690
1959
6480
2735
3680
1310
779
7000
9589
4822
9334
623
629
6529
1044
2610
8647
260
1538
9448
5346
2474
4226
4132
2298
6839
222
8199
165
3084
701
3479
3158
4350
4153
2581
9879
4567
7995
5426
1033
3889
2177
7489
1789
4548
6346
978
7613
7991
1428
9994
1325
5475
1294
7796
4363
8528
5640
579
8889
5962
2711
4612
1729
9055
2831
5902
2626
1603
1311
9263
1432
6937
5600
268
2608
9992
5598
4557
388
283
6094
4742
467
1000
1030
8336
4313
3208
9515
9418
9973
321
2562
4848
3854
7999
3820
1508
6879
2828
7877
7471
1932
9483
5381
7636
5203
7162
3303
7411
8983
4067
8337
5149
9839
8441
2600
5812
346
860
6082
6006
1253
6991
262
5333
3376
2204
8730
8784
987
3255
4469
8107
4858
2781
7969
2297
5172
7000
8767
2739
5995
1628
187
3525
4713
4024
2517
2547
324
3646
1896
9842
5363
487
7899
5776
2415
6960
3206
5216
8901
731
5440
644
6747
4841
6748
5653
4052
3730
8467
728
802
2886
1092
5264
8945
2243
655
2357
5731
5390
2322
6572
844
2115
3916
1615
1223
2537
5979
6674
2395
167
5417
8171
60
2711
7995
9216
9235
3148
2548
1775
2989
5457
8571
7068
7360
8340
5014
8465
7470
390
49
4757
1701
2530
5437
9126
2818
9348
5582
1158
7927
4219
7610
8200
9125
371
7213
7292
6515
5246
2125
5299
5652
7673
6363
8325
1709
9943
6059
1014
1473
1249
3296
3434
2087
8954
4650
2045
7349
3552
4674
3737
324
5889
4813
3984
9783
8594
2860
4728
8815
6697
785
3549
1783
554
8872
5984
3899
3687
3810
7963
5292
4271
6508
3669
1651
2124
6568
821
3417
4413
2392
8098
7209
3911
2602
4999
1406
4431
7021
5186
537
6571
7618
8720
8757
8718
1245
9166
1774
8317
8565
9640
3517
9684
818
7736
1898
7576
388
2119
1657
8228
2325
8065
1521
230
5051
8000
3363
9235
9323
9695
2796
9390
1563
7036
1715
4380
6466
851
1071
502
2807
1681
1613
1473
817
4205
3529
5879
6136
4701
2589
2529
9870
2264
2340
1791
2157
2176
4036
7182
8790
8787
2400
493
3412
2838
2901
9136
5380
1017
5253
5968
9914
4704
4725
9162
7442
708
4322
226
2277
3089
6216
1044
3060
6650
7688
5964
1597
29
5140
7079
6490
3789
9201
389
5526
7877
3092
5794
5358
4553
2701
4516
9047
7467
5746
6011
1218
127
3032
5595
2378
2820
3027
2505
1915
4057
5032
2448
6464
4499
9300
8722
7300
162
4366
5526
1523
9525
2420
3839
1562
7658
3824
9612
9430
7954
6211
3112
91
61
8061
5754
6217
8834
6617
697
82
5226
8805
8103
3851
3545
3344
5803
7856
9285
6248
6528
2163
2584
7031
1829
605
2111
3410
6346
8679
7070
1451
589
449
4185
1458
3623
4394
9727
3307
6667
6353
5764
7126
3889
8341
7336
3736
7543
2180
4707
9490
3343
7499
9733
7240
6653
5592
3197
1282
8833
9173
9204
7641
7550
4761
1977
3631
3673
1705
8936
2268
7355
5043
3931
555
1881
5427
7990
159
2102
4211
9113
7261
8217
531
620
5018
7949
3596
8322
2135
7070
2736
4666
9693
2570
7055
3453
6496
8876
526
7534
7513
8444
2491
3232
1275
6655
2404
1995
7265
9337
8234
5971
7883
9532
8743
268
4215
5384
9282
5705
9582
6365
3951
8741
894
9515
3710
4695
4055
6175
6511
7257
5189
7445
9644
615
7797
1066
5546
3464
2661
954
3500
2362
3556
687
4068
8024
8305
9412
8135
8240
2523
8495
3767
7494
2556
574
3239
5644
6300
5887
8483
5180
6413
7488
5763
6736
9898
3143
214
9809
9503
8931
3360
1182
9698
1593
5561
86
1054
3031
6819
5296
5183
6367
6077
1631
9577
1473
2865
4862
871
7484
777
6895
4297
4802
3872
2143
4590
7951
7761
8291
6371
8274
5565
5601
5647
5410
8590
4957
9035
9615
2835
1665
4279
7508
1042
5973
4298
7053
4152
141
3840
6895
5598
2958
3620
3705
8967
7177
7649
3913
841
7835
8992
3333
4608
9775
1499
6571
2511
5378
8152
1485
6656
183
9387
610
5288
2252
5399
124
3360
8988
4672
3725
726
5793
6696
6461
9233
4699
5588
1118
8834
9206
7512
1030
7583
5436
5666
3157
7733
9617
6319
1982
8239
3470
3039
7160
2701
2273
7066
5111
5180
3823
5350
4751
6088
5488
4812
7152
2194
285
9006
8981
711
8353
6095
6548
4036
6924
5593
8545
7460
7034
2009
6889
5562
7461
2270
7828
1075
3384
3463
1803
9363
5335
6140
1155
518
70
4277
4930
6754
3157
5958
4867
5143
9471
6302
3856
1188
9442
2890
8625
4374
2903
6416
1966
4655
4428
5534
7910
4516
2952
1359
9823
3433
2024
1645
1173
366
5977
7804
6105
4418
9205
8274
8216
1704
1559
2746
7495
9014
1468
7507
1275
5578
9278
5429
8325
5532
5289
7410
281
2828
6221
3278
665
9313
2037
695
3482
456
5050
4033
5533
4981
8409
9218
5690
437
4982
8866
6720
7198
653
6955
1945
1452
8122
7929
6578
3916
782
2016
3138
8656
682
3444
9369
2267
9728
86
7404
675
2134
428
4044
8902
2502
4509
8031
3120
2612
1082
1416
8761
828
1542
1331
4533
9330
9162
4977
1330
5491
7129
5091
6792
7504
6074
7403
3567
7090
8857
5858
7575
575
7425
1584
6513
8272
6162
8640
2357
811
107
3638
7176
5084
1532
279
8261
3158
6408
9316
7871
3676
3458
7633
6499
1474
5254
8133
8947
4635
163
1395
5021
9086
4510
3057
2805
8464
5419
6899
327
3346
9674
2395
1569
3850
8150
1142
1628
6396
65
5218
901
7716
684
2096
1057
1288
9386
9815
2244
8578
8610
8408
5622
44
7007
5108
9411
2149
5726
9573
6042
397
246
752
9026
6787
4239
1411
4268
8271
192
5168
8586
7697
2579
3691
1523
3768
8600
8957
652
4010
1734
2661
6598
4477
623
591
5367
3952
8828
7082
5735
5330
4977
1090
9699
5696
2464
8088
168
9640
1427
3076
3769
2263
8169
6894
8491
7433
8947
7944
7770
2179
2894
241
1325
7388
2875
6231
6232
2972
2255
1885
9757
8964
5015
9248
3014
5036
2755
4702
7577
357
2805
2438
1860
9927
6977
3249
3490
943
5495
5127
9761
6749
9695
7474
1895
2654
7233
718
7951
9877
7339
355
683
452
2883
8503
9068
4470
2681
4878
6661
6876
1575
8148
8088
8484
3866
6604
6235
2726
6610
17
5904
1120
6952
9285
9105
7256
944
8004
2000
4301
5344
2696
8841
7422
2460
6530
9944
6432
9211
1279
6099
5825
4824
4416
9879
9064
6649
2017
6605
1706
6592
1029
6841
5985
6698
3556
2565
2411
1064
73
9456
9474
9739
7803
1349
6282
6443
752
5929
2192
4307
2863
4408
2241
4747
9720
4680
6332
1022
521
664
2453
9854
5738
607
3989
1663
8352
8386
9222
6491
330
233
2246
6756
5214
6468
130
4536
3139
9009
6257
3080
6755
3160
282
1415
7466
1426
1484
6136
5464
9633
4848
9655
9230
2295
3535
4685
818
3420
3515
3810
8814
6455
542
5765
7961
2969
945
75
5705
6126
5498
3101
126
9161
2638
5853
6810
6383
1454
4854
9480
9469
2404
3346
1123
774
6437
9999
8339
4723
990
8862
6531
1240
5559
6937
4143
6430
898
909
3456
7549
9139
2579
1487
3187
7573
2723
5111
7964
6049
8953
6967
457
9070
8330
7642
738
4536
7438
7109
45
5068
134
4514
6842
7658
4342
4692
5009
1014
5950
2861
4666
7332
4573
562
8436
170
4961
8003
193
8847
4590
2471
4716
6663
2201
907
1897
514
8517
8197
4263
6701
664
6213
6189
9726
4209
2742
744
3489
4944
1191
5768
6484
21
1887
4059
6554
8873
1650
5785
7551
7989
7168
131
4467
7340
4410
8791
2206
2205
7987
1824
3288
3225
1708
653
5595
3088
2483
2816
2604
6724
8121
523
7605
9919
5757
5527
5354
6848
5625
8876
3591
5751
8951
4541
4346
3735
6339
9858
7646
1977
597
2300
2227
8485
1095
8418
6175
4461
7899
9212
3700
7792
9247
9193
596
6792
1888
3160
8880
7967
1884
9592
2624
6570
4906
3736
9020
1611
530
5632
6149
8282
7064
4837
2562
9919
9739
7226
7534
1688
494
210
9041
3511
9898
6027
9009
5117
1717
9467
975
4161
5650
3141
9959
7108
1746
1830
4183
8214
4840
7743
8035
9796
446
2070
970
6818
6797
6210
5964
2771
6965
2614
1481
1605
4128
2540
1987
1706
9338
258
7497
5368
5914
9611
9109
481
2787
5955
40
9687
7594
3155
7729
2044
7850
8409
8243
9115
9435
1322
8881
2577
6409
2854
1572
3842
4504
4731
8288
28
3621
3917
802
2064
7788
6432
5363
2817
644
3222
9039
4037
8928
3336
4580
705
2339
3556
9865
9196
4434
278
3491
7512
9865
2051
1018
1017
8020
3903
4274
3431
4289
1820
1335
6767
5295
6213
5403
7694
1463
8724
3777
9000
4736
9064
1722
141
65
867
9645
4200
5176
3799
4493
847
6533
7424
2135
6895
8672
6068
3007
218
681
9841
235
6505
5003
6250
2379
4114
8322
4124
6921
8068
1853
6364
3416
1984
8134
802
1567
5097
4969
1461
2041
4822
4636
5585
5542
4763
1218
6364
6729
1559
9750
7827
1249
9556
1303
2074
4866
2997
5983
5136
5868
9641
5128
7885
673
1927
8158
2365
7599
3265
2069
6779
1129
2534
6779
6420
4838
8078
8123
5863
6450
5161
4036
1131
6378
3614
3299
5868
5992
5958
4882
3099
97
6465
5603
2971
7489
5521
7940
472
2647
5661
9039
9510
1281
6916
5559
5630
6851
4040
7514
1669
2189
727
8685
5976
366
2571
4805
3640
5189
1755
3958
9836
8276
1844
1404
9998
752
4485
2375
4915
6491
8226
6556
8010
8946
9826
6589
1641
2702
2161
6109
6407
8858
1683
7885
782
7791
392
6617
4430
1823
595
5136
22
3708
2700
2730
6722
9996
3868
7971
1704
1878
1568
7656
495
6691
4231
2912
5285
9488
92
9811
5073
3502
4811
3594
8520
8728
3841
6762
356
7677
7284
3981
4303
7579
4142
433
2823
5628
8908
4013
5402
4783
1047
2076
6125
4620
7397
2074
7985
7993
5223
710
283
2298
9526
4258
4767
4628
1906
9849
2578
2537
2077
356
4156
595
9108
7213
8207
6586
5947
44
6182
2690
9914
7950
3594
3961
8646
7201
4762
7100
8041
1863
3326
9673
9303
4954
4036
3707
8094
2610
193
3985
3930
7219
5368
7779
763
97
9990
3681
1543
4187
5186
374
9789
4536
8171
6938
2671
7217
5853
5035
3734
2599
4405
4601
7850
3385
3204
7076
9343
3279
7583
4556
3343
1967
9879
2045
3223
9438
4523
1369
6929
3766
9967
4629
4381
4681
4350
9230
48
5668
659
9047
6193
3476
1302
9118
7983
8215
8797
472
4496
1751
3309
2022
977
4048
3846
9231
214
6669
6572
5792
6717
3650
5038
9497
6514
3352
4197
5738
4592
9521
1948
6253
1091
6245
1450
6807
8353
4043
6835
4751
4404
4856
3603
7267
4116
9496
9371
8554
5721
170
9846
4902
1529
3962
2388
9876
635
9458
9662
808
2622
8545
3582
1900
1015
2555
4896
3751
2430
2396
5826
8441
4070
106
3538
8179
3184
3238
3035
5240
7064
5313
3388
9485
8779
3097
7763
5366
9559
2262
7068
10
958
1742
1931
5851
6104
9459
704
1503
6475
1758
9306
6380
6411
7046
8780
5860
1181
6307
1810
9781
6500
4490
5725
7852
6018
1909
5701
9880
2018
578
2592
8628
837
407
2847
2390
6592
9468
7159
8135
7870
8363
513
4185
2332
5441
7027
9008
5542
2994
671
2912
5004
4751
2803
6969
978
1736
3180
5062
4249
481
9199
3415
3886
4133
9421
203
7507
2685
5922
2693
8938
7697
815
1818
805
1268
9387
8493
2925
7773
2139
3997
9297
957
2221
6794
8491
5455
60
4693
8275
9406
2139
2900
3963
753
2256
7765
4788
7957
2690
8381
3259
9616
7518
56
1010
1267
517
314
4867
4291
2234
1011
5715
7375
9833
5340
943
1852
9360
5177
9600
1014
8102
9152
5395
258
2601
3771
8124
6251
9641
1325
6319
6589
8573
6645
7445
548
6537
7968
5433
7885
5930
6004
1243
8079
4104
4275
9108
4532
9913
302
4823
9312
659
3211
7001
1890
2010
5346
1679
5348
1098
9715
3363
6791
5615
5613
3190
8588
5857
4015
8108
2946
2022
2081
2099
7543
864
6732
9910
6439
4943
8598
3868
9176
9529
6803
9790
4016
7334
3165
7011
8113
6498
9171
4487
151
5094
6118
4257
5748
9604
4216
5152
3553
7510
8674
8737
3437
3397
1928
9670
1881
4135
4421
9429
5630
7236
3728
8402
938
4634
5452
5669
5350
3344
1283
7964
2361
3285
920
3993
3101
5693
9167
2870
8584
8352
1756
4224
5727
707
1438
8617
9423
4853
3750
410
4453
4367
4917
117
5062
5085
914
2383
8311
6873
1407
8559
8483
9473
8915
5587
8693
7823
7372
5353
455
4728
5388
8631
1760
8675
9352
8896
7794
8578
8272
4214
6256
9092
1311
1592
13
8588
4284
1196
740
1899
3328
8850
7517
2468
1485
5158
5753
3599
7430
3912
1815
2146
331
2094
3246
5258
292
1338
5748
5100
6805
1500
6057
9430
9167
8663
2788
5334
7297
3374
6417
4728
9972
8563
2928
3384
3697
4836
6574
7044
4312
5446
6010
9515
3518
9615
4157
9582
8800
1025
2302
7723
1197
2354
8990
4150
7258
6708
5727
3118
270
7693
4469
2657
1423
2166
3481
8475
5362
9691
2227
5288
5789
6968
1848
6537
3095
902
6840
7942
1502
4802
8385
6113
9749
3699
3920
7008
3269
4328
5300
6959
5239
3129
8421
8186
121
3758
1227
5009
6026
484
1700
7885
4063
9743
1737
8729
7424
201
1514
3149
526
8398
7869
3067
3333
6137
5662
5737
6690
8841
9915
4197
1451
9830
9598
3419
9313
627
5681
8896
3230
7499
5013
8158
99
1736
8071
9624
418
5107
3266
2918
9585
8563
8765
6756
5066
1277
9599
4596
1263
6931
5179
6222
1374
8951
4825
9067
4837
6593
7288
1756
5892
1766
175
893
9134
6688
1581
611
3214
7973
9369
4606
4264
3002
6571
8495
8016
8499
8829
9452
8398
8761
5586
3631
164
6271
2707
2392
4786
5115
8772
2930
2187
4517
1309
8610
5686
628
4027
5998
4566
8179
7613
3974
4432
4985
8585
4331
7159
4376
1081
7417
5549
5244
991
4619
2542
3970
6132
6224
788
870
1004
3672
2381
6294
9085
7428
5201
9956
6836
6567
93
4970
1466
7731
6329
4465
1996
3594
483
8677
2022
3111
5517
749
5550
9059
9786
5444
8663
1352
1026
835
529
5510
225
8521
7752
4071
9831
7293
5700
2779
4606
579
4552
7384
5973
8895
9560
5293
7733
1918
265
8924
4236
4901
5124
3722
6570
2929
5918
9149
4553
8998
8462
6589
6882
1717
6504
381
2757
6937
8637
1751
8762
5531
968
8197
462
1711
2040
1696
3503
7867
2850
9085
8789
4617
1762
8177
6051
647
5417
2941
4940
5427
4356
3926
962
6336
4436
4591
230
6282
6818
4835
9953
848
5817
5038
2418
7169
3808
5355
1559
3747
9575
5072
6955
8779
9989
2727
5681
6856
7484
332
5635
2563
7234
5749
2778
4569
7822
8817
6499
193
4500
1522
641
4792
5189
633
3017
2066
3097
4451
2304
2845
7931
5647
8107
8803
3409
2012
5960
7823
6545
1225
5966
9132
2611
2744
5948
5537
6008
3044
5381
6120
4165
677
8825
3580
5832
932
3310
2305
6249
2475
8058
1113
9195
2913
6599
473
3913
8499
4603
5561
4538
1420
8082
1057
1540
4324
7377
1389
9911
4929
390
2699
43
391
7581
5118
8267
2184
1649
7121
1654
6061
4731
6925
4881
6921
1939
6737
7442
7391
6052
5831
4624
9687
6151
8121
6919
6291
7188
8652
6169
2770
4079
33
4109
9305
6660
9537
9186
9672
7344
9503
1183
1853
4123
7503
5444
1252
4018
4859
8072
2359
6300
3981
2034
7480
5647
718
5612
2770
4361
3833
4674
5771
4807
7314
7745
5329
7468
3239
3670
9050
4953
9559
40
73
6994
9471
1
3215
6312
9801
6163
7025
4698
224
6325
2278
1267
8040
3253
3675
5243
4262
6368
476
8714
1622
878
9725
3788
2047
2896
9690
9315
9665
8946
2783
2249
1151
2404
3375
1269
332
2818
8771
6182
2068
9052
8173
9473
3201
2207
5259
9566
2183
2526
8835
8237
8700
4497
6849
700
7949
8641
7451
7901
8139
2292
918
1190
1729
8254
8040
8331
6221
9498
2928
6635
3915
1155
7702
3685
6538
5531
3825
5879
927
4002
8874
7374
8780
4343
5791
4954
5261
3218
3214
7510
7648
3507
4288
2108
3855
2046
4820
4956
9902
6565
6496
7574
9466
641
261
8570
6294
8308
5614
8220
7880
5908
3204
2282
7739
2871
3956
6401
2591
5639
9919
6220
7163
1278
9581
3320
4646
8123
9131
719
7993
6101
2846
4356
2227
6989
9258
417
7775
345
3849
4442
5085
9405
1593
4483
8539
2909
6278
714
1955
9526
9073
3832
5017
997
7345
997
2275
6686
5069
2818
1239
5744
8143
7425
3775
6605
5474
2051
3637
4517
5114
6296
8518
635
6383
6124
5238
2531
9427
1434
9055
8323
982
2416
6159
909
5939
5709
3200
6949
4343
5767
2752
6334
4065
2611
677
5763
5141
5213
7129
2498
4474
8607
8351
6124
9331
7914
1837
4791
95
7118
7570
1667
7710
945
3876
5487
547
7682
4733
3749
3592
1939
8860
9857
3683
1539
5365
9883
309
8275
545
7499
2777
467
7758
2657
205
6679
9877
5155
549
3803
6508
9565
9670
3185
2569
1935
4896
6423
5991
474
440
4045
6163
7251
9688
8415
8238
7507
3463
1576
3388
6401
6083
7241
1997
916
1354
7041
7748
9521
2301
6326
7267
5992
5570
7335
6720
9371
2077
1777
6628
1451
3065
9291
2316
330
9352
9241
2211
415
90
3441
2909
9230
666
575
3630
2504
915
3212
1084
9628
6427
9567
9080
1288
5673
6287
8318
441
2108
1013
515
6864
7082
1967
4658
1704
335
7986
4924
918
7418
3102
8522
4222
9754
6761
3366
6401
2169
3844
9867
2876
5913
7068
8074
8392
97
4015
4097
5897
3929
6245
6497
1156
1224
9962
8197
7567
7269
7332
4200
7004
9822
2819
6966
2678
7143
4114
9088
8451
3151
5227
314
9649
8114
2119
8761
2305
2195
9162
5913
3318
6302
8494
1084
8266
4154
3573
888
5429
2896
9020
8799
7686
6245
9361
3629
2316
1273
7280
5361
6232
3709
1558
9474
6808
9823
1710
8315
4293
2859
4416
1167
677
1826
3586
6298
701
1174
2226
3406
9381
7489
7978
9288
2722
8773
5368
6121
9482
2015
620
5238
9527
9087
3107
7953
1554
8480
6514
7216
6428
2833
1481
8489
1778
5531
838
1757
4691
7559
6220
8901
4330
9095
4343
1254
4764
7448
9291
9263
7937
5660
1512
1399
8461
8897
4040
7929
6452
759
1296
668
1301
3467
2294
7010
6240
9109
3062
8571
5815
8943
599
9267
7665
3421
2716
4739
9895
7920
9464
6992
7948
5617
9289
758
5670
1648
5022
4941
8636
5920
7402
4309
2291
9145
3018
2823
5627
4488
4925
9147
4537
4028
1068
7292
1012
5319
5281
8167
1604
1197
3845
1869
3
4142
799
1096
641
195
590
9664
5388
6852
468
729
8825
9635
9673
9519
8906
8295
432
1298
1916
4444
164
7990
4628
3838
4633
7979
9017
5900
3703
4551
1204
9569
1793
612
747
8617
8182
2198
1509
2302
9499
8214
8090
9619
2625
7121
2739
9366
2694
9427
4534
6108
255
9192
8045
7325
1608
9319
1777
6498
907
4594
8040
6422
4912
2213
9536
2446
1584
6639
2662
6802
3986
5545
3631
7403
6180
2436
2069
5926
365
3981
3718
426
4694
7879
4031
2227
6053
9179
8199
8579
1106
3061
658
8810
9896
1924
5417
4992
2931
3172
2491
9796
7814
4465
7216
6435
3476
9420
5997
9811
9099
3069
9890
2283
3023
1835
8755
6797
2178
2979
5492
6273
8494
2609
1015
8073
7350
7481
5620
5602
8392
3286
1680
4952
8566
8783
6259
2619
2280
6266
7491
5087
8990
2149
7398
4138
8775
2680
919
8520
5308
7772
4073
9575
3593
5213
1409
5504
5907
6400
7885
6488
6029
4264
1228
8354
2625
7867
8084
9588
5389
479
5340
9662
784
9650
7015
6412
5352
2702
9410
6545
4728
3234
7822
2001
9480
6592
3022
9093
5162
8116
9455
7618
7517
7275
2263
7388
5966
1439
3951
6428
9339
5291
6605
3728
5592
183
1245
8179
6790
5045
2587
4331
1645
8183
3027
7234
1421
8030
9472
7584
5460
9835
354
9784
4361
4398
5295
5284
8448
7253
3732
1989
3764
5328
200
8209
5373
1117
5170
3285
5374
2870
7499
8604
5701
467
8566
1556
2333
7613
7078
1153
5428
8271
8455
8520
6330
137
8959
9334
7447
8301
1097
4299
8121
671
9133
5742
4880
590
6488
1838
1830
2226
1369
733
6329
2902
417
4954
8838
3005
8277
3615
6150
3982
60
328
6
8167
1821
7246
3075
4766
3717
4467
810
6881
4566
5169
3685
4185
8487
6113
2169
6338
3087
5075
9680
4612
7706
2432
6558
9470
4151
3176
9058
6987
5708
1975
9495
6497
455
1469
1990
7763
4072
1900
615
4132
4816
6396
6406
8624
541
1847
1574
1509
6464
4760
3797
6435
6265
1255
5866
5139
4940
396
6712
2398
2462
5127
7167
820
148
7508
4494
3219
8958
2309
4738
8574
6210
1587
403
38
3347
9108
6309
8442
9530
2048
1997
562
1232
7678
6179
4708
1182
8455
3719
9332
6477
2378
2268
1586
1764
5051
1626
5153
9402
1501
9389
9296
1756
9433
3492
7040
6454
4543
3874
1256
8976
2250
9865
5065
1214
5962
7995
2711
1061
2711
781
5461
2071
9364
2748
3151
4666
3834
1338
1487
4818
8272
8081
4871
6120
2939
8046
6350
8505
7135
5458
8990
3211
6801
4206
6803
2949
8903
7426
9397
3451
6686
2976
1736
9312
6515
3393
3388
7675
1185
2756
51
7783
9093
6249
1451
4278
6800
4543
9299
5176
9541
3537
1507
2798
6625
3535
5092
9744
9516
6591
9210
9579
6781
5605
3801
7621
3106
1977
5108
4236
8582
559
5135
9651
7604
166
6628
8139
8346
5857
6487
1435
7377
7731
2599
9794
3318
5345
793
8941
6910
2284
5122
361
6570
649
3074
4396
9022
4774
8002
6473
9382
8436
5776
5119
89
4916
8428
390
7408
7673
5610
8146
6859
2451
6957
5133
1031
4408
3401
1665
7161
6745
7213
4619
9874
1467
4009
9466
62
84
3483
6104
759
5693
311
6572
2100
7337
259
9948
9723
5646
2312
6161
3561
2811
417
9597
8598
1660
5130
2163
1792
8433
7435
8758
6605
2239
3200
8843
4330
7284
3871
9765
5023
556
5520
9718
4496
9582
118
8965
2005
4261
3335
1581
181
2970
9495
4698
1316
6520
5531
6472
814
2562
3110
873
3955
6631
711
3795
5767
3146
3474
897
5178
3011
3520
7443
1647
161
2136
4978
1475
288
2311
7320
6389
1168
6177
5801
8189
5398
6838
869
5825
1417
668
4701
3314
2380
4126
8234
7329
3078
6846
6224
2617
258
6246
7397
9699
9685
247
2189
6019
5744
3822
4629
5213
3176
2626
9014
3955
2319
8150
8170
8673
7910
2233
2317
776
8506
2580
8634
3746
8695
6972
6506
4978
216
2063
9840
2175
9998
7169
8550
5006
5141
386
8515
4326
8090
1658
4605
1266
7553
8864
2365
866
2772
9082
7937
3898
9251
8543
9710
6585
3697
1773
8019
1608
1425
4459
972
6909
2581
8691
7509
9086
7865
22
2877
83
7802
2969
1718
360
8105
4585
2798
5307
7515
5487
2780
890
3582
2699
8842
6573
401
7746
6793
3551
7526
6464
5199
8183
4707
2964
1618
7385
9736
3099
695
8647
6188
994
3910
7597
8431
7249
8683
8547
987
6538
9516
6304
3879
2026
970
3453
1257
6958
438
4700
6912
3355
2168
6051
6890
8246
4871
6398
7198
2291
1772
1350
7078
6532
9417
5036
7861
8286
1436
1988
7395
5553
8875
8102
1654
3464
5566
2123
6766
9159
6221
6558
6917
4604
1932
5783
5724
6385
3200
3760
5978
3144
7534
3327
9037
7132
6355
786
3759
9583
7647
9720
5158
7420
3568
1889
4139
6027
3064
1016
174
9325
2192
5418
696
6254
7175
3395
2768
4973
9804
8356
4212
9761
4314
5818
533
8484
485
1870
8488
5686
7391
5445
9537
3222
9205
1845
113
8681
5085
911
3914
1798
3265
3993
8570
195
7269
7456
882
3195
8706
7898
2670
5093
8996
1566
208
3508
7946
6152
9424
8470
4122
9816
2562
2635
7856
5889
8015
866
8299
9200
2049
5999
3156
4295
4914
4762
3691
4249
2626
3955
6024
2558
789
337
4535
16
4968
181
691
1380
8288
1686
963
6712
6299
93
4232
3231
1473
750
6250
9359
9871
1922
8238
8851
9952
948
317
9210
8155
6301
3527
7385
31
2509
5154
2842
4971
369
9778
984
3473
9836
9569
1146
8586
3567
4022
2944
4851
1600
8006
1929
2104
9777
503
2319
6218
1219
9667
5376
5683
5586
8037
6008
376
1790
4494
6617
819
9324
7799
5123
5451
719
4652
8756
859
4754
3460
2527
1069
329
1111
3449
7521
7091
1948
7112
4718
3135
4474
5591
4241
3212
9427
9746
5727
550
1832
9737
3253
5888
7393
5659
5196
9553
3709
546
803
5275
5795
4353
9773
351
7507
8074
3290
254
2755
3090
7591
2959
2411
4697
9063
4930
6264
4779
985
6280
2934
9534
2501
6038
9882
6975
8483
6540
65
8884
5688
8492
2798
6141
38
794
5984
590
1373
9824
7879
8497
9400
4077
5903
4752
6960
988
1371
3545
9513
8983
8607
430
6919
8593
6408
3112
4748
8365
2391
5913
999
5067
7275
2386
1044
8400
5307
8869
1581
4462
6412
6540
9272
6162
940
8226
6839
9165
5831
4704
8336
2390
9548
3808
2659
8799
4587
7804
993
3913
9396
1359
905
1134
5159
3927
1961
5939
1323
2145
3995
2600
9001
7461
7863
4228
3565
9727
6011
5493
255
55
4742
6716
5336
8209
3765
3267
408
4224
1677
3875
4343
5842
7297
8318
697
1613
9941
9850
9208
7721
2989
5465
3857
9717
4676
3761
703
9983
7819
7137
3290
2996
9084
5973
6391
8436
1016
994
2483
3481
9872
6789
5822
5985
8863
9441
425
3586
7113
8698
7622
8179
617
9707
713
207
1171
4371
2151
2579
5232
5377
3800
118
5412
2383
5284
3754
2866
4343
7582
1026
8337
3491
5292
5752
6527
5953
6131
8827
5723
99
8728
8443
3634
7993
2618
1238
4127
4332
9285
660
1446
4221
6261
3761
7955
4179
6280
1015
211
7645
9416
2873
9268
1049
6233
232
1199
1557
4130
9034
5264
4101
9495
3202
2822
2506
460
2041
9351
8107
6014
7561
8544
5202
7207
1533
5504
6489
4390
459
5384
7112
2379
1825
9897
8441
9086
4543
2348
3881
1221
4787
1483
3946
2730
7303
7073
4203
8307
3177
2315
9973
2722
9456
1919
1306
934
6944
2686
3342
3568
8483
6359
8751
7496
7802
9081
3659
1909
699
2174
5232
1515
188
4639
4631
1084
2852
7234
190
8615
592
528
405
7313
6839
244
7076
3551
4357
5566
5952
1917
3522
706
9318
4620
3698
9907
1629
1235
1811
3687
7166
6932
8975
3097
2167
2164
9097
8440
8863
7889
1219
323
6835
2249
4002
2493
3829
7899
4967
4739
131
1289
4766
3221
3531
5534
2768
8613
9984
1047
3820
9919
6867
9778
945
9882
2555
7031
8995
4673
2619
1016
9724
9274
8066
4512
3793
1479
2701
9722
7818
2938
2565
254
155
4406
4266
2083
4639
5091
4882
2408
4648
5353
5375
6068
4431
5778
2974
54
2887
9528
1509
9690
8137
3843
3812
8086
9139
1354
2673
5229
7054
7516
2662
9228
4339
2837
6668
7581
192
3584
5340
4282
7976
9886
7234
5497
1858
8230
3348
2532
5464
519
276
8066
9383
4873
5726
3161
9742
5069
6463
8897
5924
3196
9698
8681
5921
7615
1715
3229
4998
4135
1420
4163
7588
7916
9555
4358
5873
9946
797
1832
3627
2298
7613
3497
5586
3175
1810
1741
7967
4950
8069
6348
1288
3764
7812
3282
6375
5326
7981
2670
6555
3941
8926
4026
3374
4629
6011
7381
7238
7793
2544
6370
819
2169
7983
1001
6615
8376
3197
5108
1227
7603
6520
8565
6351
5772
4423
8534
1116
7216
4566
9262
954
8619
3381
962
4561
5613
8684
2070
5811
7798
5976
5881
1873
2617
4320
2343
3376
157
8232
3015
6835
5950
2462
1548
6259
9577
4434
2532
8538
89
1801
240
7084
6453
3622
9381
5168
3239
3838
4009
4185
9928
2669
118
2773
6340
9368
838
7306
3161
7003
1690
1286
6148
254
7619
4469
2405
5886
3795
1171
7112
796
4664
1329
235
1399
6916
5424
3585
7850
6395
5693
8748
6186
6457
2496
6125
5147
1898
2619
6477
8701
9423
8982
2252
9515
7740
2165
123
4591
2872
2435
4143
9565
3784
2758
675
3293
5978
1119
9694
9708
1540
7661
6511
2516
4483
1316
1543
8701
5126
5264
4514
4116
1386
48
4114
2991
3942
6168
1965
397
7585
9684
1356
2090
5976
5566
6983
8733
5987
4699
5933
9315
9534
8229
7024
2962
4948
6764
942
8311
1442
6209
5703
3070
7548
200
5462
6974
4370
1929
4759
8364
8479
4936
5436
5739
1382
9410
1479
5824
9705
8719
5408
154
6516
3314
8644
1349
5400
2430
3696
7319
578
528
9333
6567
6603
6754
1108
5472
6282
2391
6295
1632
8900
898
9836
8210
6085
7408
3850
3384
7181
4799
127
5594
3050
9834
4116
557
8681
1305
9600
4287
5646
9028
3034
3992
5387
3695
5983
5080
3314
8774
4097
807
4192
2271
1315
936
7286
1288
821
1531
4920
9051
8093
7540
9210
6771
5232
2865
2471
340
2753
7801
5646
8653
4698
3379
2220
7908
2118
7207
2380
6004
6624
4386
7659
9195
3816
2322
85
8527
171
4480
3331
3848
352
3638
9115
919
1423
5149
1618
9736
2770
4760
8235
4920
5561
1132
6873
2200
5865
4447
7842
8167
925
8126
1242
8844
2494
7561
4543
9722
8049
2457
3446
3160
8800
3469
8988
7193
6092
3939
6685
2224
2309
6835
8693
3369
6213
2343
5458
4142
7674
8632
6211
4981
4726
2370
8753
5783
5032
3623
2118
8562
9966
7863
2215
9172
2125
7302
3507
8723
2719
5211
1718
1815
5778
6228
4503
3973
8286
9275
3890
4074
5601
4209
526
8230
8403
3220
3831
424
3721
1210
8504
615
1499
4119
7556
5339
6676
2961
1870
7448
1364
6727
8758
4545
9374
8178
8447
665
3101
9878
5610
8962
1092
4797
906
6255
7054
6829
7174
2578
7597
365
3998
3406
2920
2953
3734
938
5486
8374
8184
4682
6702
6008
6664
2633
6486
6433
4270
3775
8238
9904
8581
9928
1410
27
2598
1243
4055
1953
1057
8312
679
6108
8621
1245
3813
6427
8356
235
7524
2669
6938
1323
3662
703
1150
4167
2947
6792
3637
5462
3075
1130
126
1534
297
5861
8843
4175
808
8125
7587
925
1760
7204
1424
9385
8886
4957
6711
1125
827
658
1342
8864
9489
1578
2207
267
8414
721
7993
7116
1726
4841
9917
4775
1490
8574
1233
8958
5385
8639
3847
5324
7087
6735
5323
1939
4982
7868
7111
965
3374
5275
6117
9435
302
9360
119
8020
9549
9103
66
8230
262
9783
4530
3050
4789
4089
8499
9804
4080
2517
956
162
9755
2372
6909
9420
5775
8392
1617
450
3712
7703
2548
1369
3597
5897
3059
6850
4636
8469
1995
6707
9150
9527
4343
5217
9151
1490
7885
5086
6744
2366
1898
9293
5136
6051
8896
8480
9430
2823
9769
8049
1688
8323
4543
5303
1440
7839
1418
4779
6736
116
3432
5241
4164
8269
5460
5486
430
2751
3446
6931
2710
2109
3868
4084
5537
6804
3076
5037
4134
2175
6071
8753
9139
9327
4110
1352
2114
2960
2237
1471
6536
923
4193
2443
7057
1801
1734
6925
8226
1454
5647
5520
4310
7508
2437
7793
2317
4557
648
2437
4055
6097
7166
3201
3851
2448
7927
1477
2591
4912
9123
5997
2858
9352
5396
1118
6332
2209
3507
8180
1349
9790
9191
4194
6357
6114
7511
8801
487
7100
1406
3120
8934
1858
3611
7853
4141
9667
8696
7500
6645
7330
4798
5845
1086
5202
9412
8131
7156
1260
9086
452
5181
3870
5132
9894
9916
4881
7083
2356
6428
6167
3288
4399
5791
9512
5075
6676
9028
5188
1241
2419
1502
4261
1522
3832
2529
8173
7555
9005
6348
3229
6603
2634
340
3403
9014
5932
1206
7662
7810
2567
8330
5773
5592
3615
9229
4370
1355
544
8258
3135
4992
7108
1875
4425
5164
9888
1683
5671
441
6526
6056
9576
5869
9359
4312
1427
5611
9652
42
8550
4258
9631
154
107
3661
7377
2784
9898
7166
6071
2259
1070
3410
5088
8825
6738
787
1015
8040
7539
3640
6372
1842
9041
1557
596
1374
8851
6164
3502
9168
1466
3703
2125
480
8312
2000
8665
6044
2114
3790
3837
8116
3180
4139
1778
2116
700
1205
6884
5071
8745
7908
6741
9102
6679
4945
4930
7380
5412
9583
1067
8686
5645
6562
8905
9767
2339
1470
8503
2506
6783
8033
4177
245
5989
7072
4155
9719
3239
6487
115
5733
8034
2903
5429
2248
4725
605
8813
1667
6765
7641
1753
8126
8134
9641
8563
418
1459
7859
3071
1763
4905
9511
9504
9116
2373
6125
517
4939
9930
8669
1305
8909
3780
1953
8079
8302
6706
1237
992
9191
6219
2859
2201
2037
4735
3023
4800
7399
8178
9131
9085
3320
6814
1496
2735
3071
2144
117
9566
4988
9595
8388
7928
2242
9853
5729
5814
8237
2863
7286
6901
5031
2291
5988
3255
6004
8931
3945
5931
6806
6334
5419
3752
2493
1727
8541
5007
7426
2868
5054
8911
4453
7171
120
7231
7140
488
6206
8969
5795
5676
3674
6977
124
9146
6072
3283
5960
5915
3623
6962
9028
2810
8761
9287
9095
5933
3551
5895
455
6626
4899
8118
8728
5919
213
1137
7178
9944
3007
7059
3138
9309
8198
4716
1072
3666
6871
8629
5958
8352
190
2395
2462
3471
6479
9531
8492
4954
7281
258
6188
2610
8991
8520
4786
400
7537
5336
1232
6274
1827
7265
545
4359
823
4269
4718
8880
805
7854
8358
6126
2718
5281
578
269
5986
6096
2587
2670
6047
4283
9843
6470
648
9419
1639
7298
8469
6535
6648
7640
6490
2201
221
2675
9193
4138
1775
5677
7661
1450
7983
1473
8474
2915
731
8098
868
2224
5870
5522
1282
6960
446
1779
1553
4674
8787
9447
1847
4270
5133
1086
6780
6605
6858
2218
6582
1485
5429
7543
8665
5745
8152
5347
184
7999
686
296
9681
9594
9458
2113
9676
5095
3834
8370
1594
1218
1914
8031
562
9516
256
9908
4143
2928
3894
8571
8413
8241
3945
9084
241
2618
6470
5403
5695
5562
7712
6782
3024
9090
5778
8216
4670
1390
7193
204
7110
7085
5345
7913
8887
681
1483
9604
8095
2522
2150
5873
3630
7802
3793
353
1037
3024
1168
6250
3254
8139
3514
6717
3895
525
4168
6788
2288
3172
9177
3002
1089
6903
1322
7689
1423
1003
565
5310
9212
6247
3786
3033
3632
1766
2902
1629
4694
527
8441
2201
1969
6527
4385
395
2481
8632
6002
7144
1839
2640
948
7076
5987
9118
2745
6137
5843
2300
8043
5978
2757
9782
8508
3198
6975
2056
1394
5675
8460
7173
9587
9964
8587
5853
9817
9496
7050
4095
7875
4258
4086
1758
25
4404
6420
5810
7499
1595
2515
1800
6815
7398
5528
6978
6230
5364
6799
5271
2245
595
897
6540
6556
4993
1585
3549
1566
8923
5068
3115
8949
9432
3496
4896
6647
1045
1902
7947
6691
2589
2169
233
179
4734
8387
3070
4693
6849
6943
9668
2984
8685
455
3092
5659
5048
606
2566
422
676
220
5552
9816
2755
8327
2383
1815
1962
2018
8376
8104
2249
5926
5406
2186
8902
729
4211
8364
4767
6996
1338
4872
8363
1415
7102
625
2758
9659
3696
9481
355
6084
6445
4936
4903
4864
3453
2966
3174
1557
7245
4135
6245
6999
8113
9721
5448
6479
7891
6753
2625
8111
1327
4340
8337
9790
5403
2674
3124
5804
6922
7297
7308
8038
3206
3977
7680
1969
5134
737
454
2435
9280
1333
126
2770
8624
6572
6063
7744
6523
9860
532
832
8977
8828
7416
8795
3322
454
1624
4239
820
7327
6135
7909
959
2376
2800
5262
4353
9483
4478
1395
2832
2989
1764
8228
1371
5514
3057
3753
2392
873
6536
3028
7802
5445
5182
5709
4969
8935
5867
9118
8460
1174
4927
4216
2095
5246
6965
6603
7895
9351
1502
2301
8188
9678
8026
7799
4052
251
4822
7840
3899
1373
5858
9658
2564
2010
3086
4912
6799
7612
5668
571
4908
2959
5476
5345
2997
9651
2870
7857
1237
3868
6488
5068
4757
8336
8157
5921
3711
5756
7319
5819
5669
8073
1936
5436
3140
3716
7420
1751
4466
7411
7755
2069
9737
5261
7662
2991
1076
8481
5190
9830
2445
5889
3821
2779
245
8471
9439
4174
3426
7066
4296
4133
5594
7510
8655
6368
7499
8574
250
1452
7752
2138
3684
6257
4959
9999
3789
6332
2114
1898
3766
4855
8250
6780
5534
8302
3231
9778
5468
6047
9324
5959
1295
1158
9251
2193
8574
9816
2607
4626
4623
1292
8224
6463
1038
4179
6645
1473
5632
2388
7008
9398
4290
1083
1390
8639
4467
7055
5290
9257
5307
3162
9422
240
1606
1047
3094
2959
9388
1419
6380
7438
798
4304
5975
2803
1530
5785
6367
4601
2542
4923
133
3010
9049
6762
9928
3833
9293
9635
4459
1050
4459
2690
5512
5625
1323
8564
2852
8209
2336
4008
7940
1312
5402
8450
1857
1275
3243
7838
7833
9191
8072
5294
8673
8955
3542
998
1917
8088
3873
9775
5449
1698
6464
4930
7262
5095
9063
8368
8083
6140
5925
973
7622
1904
6152
884
6630
6444
4152
3156
2625
9642
4941
409
8725
4127
6147
9764
9351
865
7483
1061
7861
5182
8601
4009
7610
99
6714
7393
6304
6958
9501
1729
412
1546
2798
5030
5211
4849
8825
3407
2403
1595
9056
9468
6506
1875
2429
3973
3475
4925
9782
9199
2188
4590
9840
3416
1971
4510
6024
3256
2769
9674
1985
7107
228
7481
1620
8328
821
6371
7261
4610
7538
385
1126
7333
8950
5437
4632
4367
3071
7939
1632
4803
4818
2944
9255
5013
8015
9399
169
4359
2452
2527
5377
2724
6816
9841
2086
6221
2973
334
8593
4419
3930
8735
9525
3906
8747
1814
1571
6891
4398
9298
112
539
9866
8037
3566
1648
9088
1767
9666
7992
1181
4664
137
6925
7667
5673
8704
3418
1880
4830
4226
8020
345
8892
5655
8558
1632
8887
2161
894
7628
1451
2462
1283
3285
5055
7841
1496
6354
6323
7781
5586
1259
4947
4754
2470
7995
3209
4459
9226
8543
7618
1598
5975
3399
722
9793
1860
6846
1109
7320
9171
9415
2433
7666
2750
6085
256
7131
4197
3311
4402
572
6308
3627
2754
8821
117
9925
1822
3124
9505
8889
5958
1104
7496
5629
2077
9631
6774
5341
9893
6064
5732
9295
2857
7603
9743
6468
4209
3121
8944
6619
2819
7576
9864
2842
4327
9579
5550
2539
1172
8680
7801
1652
9318
8693
3002
1658
7221
7000
2047
1769
8582
3492
6725
709
3913
214
4230
1577
3829
2348
1802
5549
2671
4590
4397
8522
7954
9924
9094
2112
6
181
353
8895
4627
8677
2607
8967
7038
6524
3439
3335
4155
1431
6409
9537
3326
5475
9644
7166
564
6850
2610
6885
464
4682
52
9471
5639
4328
8866
935
756
8990
8995
2386
1874
5374
3766
7323
6999
4606
7943
6891
8074
9377
6087
6074
5138
7944
3670
7630
123
7060
6752
2342
4784
9768
3247
7269
7319
8154
9419
1078
8811
492
6999
9779
9991
5278
4358
8280
5382
9247
1324
7639
3150
4790
797
8620
7084
3884
4978
6512
2847
1019
3189
9473
4448
5793
7399
981
7907
1630
3334
2297
9759
1592
1394
6438
7920
6883
9026
531
3420
5113
7600
1254
6911
9347
7216
8122
7181
8682
2532
58
1780
3336
8631
9321
4983
6204
7734
4028
3957
9601
1454
641
3623
9806
4827
6949
9944
8534
6685
8882
1566
1268
7579
953
9584
698
2984
7896
4720
2292
556
3993
9242
1110
7280
9737
905
9120
2467
8673
2381
4265
1629
1569
9422
9329
6654
9250
8818
6879
2730
7598
2424
5640
364
6107
1716
7103
1277
3987
6230
7376
4201
3708
3356
1136
7451
557
3340
2700
5001
2130
1593
5159
1003
963
9483
9236
4358
6315
6204
991
474
6960
1732
1433
2522
1796
3827
1085
7231
4612
852
7932
4921
2441
3331
8850
4643
919
5704
5105
6057
9613
7751
8081
4058
3472
6984
6758
1047
1704
2133
401
7090
6453
1893
3987
8121
1323
633
7072
9498
8373
1228
8789
9964
2500
993
1645
8807
9915
77
8131
3275
8671
7124
429
2952
333
4328
3902
5891
2696
8063
604
9600
6628
7482
3796
7472
8823
5450
1622
5928
5371
3508
6649
3521
8907
6747
3286
480
2684
355
9215
5925
8452
6543
8150
5124
1853
4465
5805
7383
9607
8271
1667
5861
4266
7766
8705
3794
3749
9320
5596
2047
2806
6852
7963
3300
9324
5352
7994
8017
5553
5845
5976
7183
3419
4206
604
5148
9443
352
4667
214
5301
3190
9803
6223
4569
3275
4111
3723
7628
2331
4674
579
5493
7554
7120
1667
344
7643
4708
342
7902
8544
3965
1758
5098
269
8628
4086
3275
7743
6511
5193
3720
2137
2270
3012
9288
5896
843
2569
8617
6544
2716
6914
1302
5054
3512
5366
9600
4249
940
8930
2077
7376
5207
5255
9685
1516
599
5811
1838
4483
2610
2915
6732
1009
3706
7926
8786
6537
1160
8009
8461
2480
678
5520
442
8687
8919
7811
3258
1964
8149
5577
9977
7126
6587
1608
5122
6461
8175
4822
3738
8337
6284
4822
3085
8231
1815
4969
9937
7294
9359
1529
5873
9091
4202
468
9630
1185
5757
9509
244
3309
5410
8657
1797
1522
8948
6235
4530
6313
5520
9231
2883
8108
2881
2086
1414
5731
1994
9880
342
3231
7644
6060
3718
2700
6953
665
4245
7382
4571
6386
8077
6332
5026
421
1234
5686
6289
9736
6628
2603
631
3752
6706
166
6410
2007
213
6215
1390
5059
3778
9274
2067
1349
9077
1150
2309
11
6497
2489
1034
9793
2311
877
6755
403
1487
5209
4277
1275
5900
8175
6902
4274
8536
710
7936
8906
2218
8528
9196
8126
704
8561
3150
270
8971
1552
3422
6819
1490
4817
645
7169
9450
8286
8593
6655
5000
2344
3224
7085
8807
4915
9760
3687
3229
8191
2816
8142
9073
9975
1938
5319
4154
4772
9041
7508
1454
5260
4857
9047
4691
9085
4736
3469
9416
4776
348
3220
9641
6404
6559
8964
7985
4402
8964
4603
333
4543
2382
9628
4434
9944
8440
5402
68
1145
145
6552
3415
5816
4719
4787
3569
3704
89
8127
9501
4568
2529
316
750
8362
3619
171
3728
4472
5515
9523
6495
8380
1017
3548
6272
420
6733
5798
5414
3298
8356
7213
1236
6658
5225
8889
3936
547
8640
2133
5890
888
212
3708
3244
7047
4901
6003
3278
9236
6681
5249
6496
7800
8625
2759
6477
8167
6441
7483
4793
9530
2555
2001
7366
6174
2418
4776
8887
3760
5143
5901
950
237
6364
7916
2111
5254
340
1544
640
7077
76
218
6526
1781
4814
6360
4994
5261
5065
9875
8100
8260
4859
8160
1727
7619
5388
1627
2707
4002
3753
6221
836
5215
9331
9716
4822
3210
2011
1538
5078
3257
653
6830
7378
2686
1844
4264
331
2848
3095
2597
1066
8477
194
6041
1550
4459
7766
9610
9512
5018
8803
4022
7573
8764
7666
4957
9259
7834
1169
9656
4665
350
6644
4775
4400
1297
2958
319
6438
5845
8801
340
3489
1613
3507
3846
8322
6345
4622
8375
3734
8034
1871
306
9808
6841
2120
6590
5254
9382
4302
2508
4338
3531
9645
4990
1551
6481
2208
2144
4347
6363
59
4581
3251
1308
2923
3462
1473
9230
4242
6761
9751
9905
3420
952
5126
9601
7045
2572
144
9019
5480
5287
281
855
7447
9025
9945
77
492
3279
2843
6472
5255
1205
1095
8971
8864
748
685
6527
8152
5271
3321
6851
5374
8698
1243
1215
5212
4044
8936
8028
1197
678
5052
6641
5386
3085
9072
541
4238
4879
2703
3303
3905
5769
4866
4035
5265
3617
4653
29
6402
9961
7050
94
105
9438
4373
766
5708
7828
6359
6396
5962
4573
998
4862
6360
5439
6739
151
6707
3789
9822
3500
9278
3685
113
423
538
8435
7637
4930
5160
7285
285
8789
8878
2981
5482
5677
3750
11
8342
7674
4240
2839
682
7290
5623
667
5602
1114
8905
1100
4501
8823
9058
145
325
6312
9743
9869
3518
9969
679
5391
7355
5575
6017
9802
456
113
4755
3099
8588
2562
9745
6976
